1.16e-07
2.559e-06
0.000245562
0.000731641
0.00119315
0.002134
0.00324786
0.004627
0.00503986
0.00704739
0.00898613
0.0111815
0.012743
0.0157298
0.0183347
0.0216559
0.0203259
0.0240666
0.0277867
0.0320036
0.0353153
0.04027
0.0452688
0.0502461
0.0508578
0.0567271
0.0621589
0.0683556
0.0732162
0.0801562
0.0868852
0.0940968
0.0814573
0.0892097
0.0969669
0.104872
0.111573
0.120598
0.128794
0.138446
0.142685
0.151944
0.162048
0.171061
0.180541
0.190894
0.201853
0.215549
0.203624
0.217088
0.227211
0.238633
0.249453
0.261758
0.274293
0.287593
0.295879
0.314615
0.351137
0.337464
0.366469
0.381159
0.420852
0.392714
0.35354
0.347995
0.35766
0.373248
0.390428
0.402454
0.420898
0.440808
0.450319
0.46717
0.482566
0.501048
0.520506
0.537719
0.552396
0.573348
0.569828
0.590337
0.607677
0.629127
0.646281
0.664034
0.686604
0.704439
0.722905
0.743599
0.765235
0.787175
0.805523
0.831236
0.854155
0.873383
0.818165
0.838936
0.861306
0.888416
0.905476
0.930787
0.962385
0.982833
0.998627
1.02244
1.05027
1.07024
1.09658
1.1227
1.15022
1.17567
1.18073
1.21076
1.23761
1.26204
1.28692
1.31361
1.34397
1.37141
1.40355
1.42116
1.44972
1.48428
1.50408
1.54031
1.56763
1.59525
1.30777
1.33419
1.36332
1.45635
1.48363
1.46362
1.53298
1.55758
1.54863
1.57881
1.61493
1.64481
1.67879
1.71297
1.73744
1.77686
1.80032
1.824
1.8646
1.89993
1.93237
1.96923
2.00071
2.04075
2.06683
2.11659
2.13974
2.17704
2.20933
2.24547
2.28371
2.32061
2.27984
2.31751
2.35512
2.39363
2.43396
2.46679
2.50608
2.55506
2.58935
2.62659
2.68533
2.70074
2.74637
2.84336
2.96395
2.92469
2.88975
2.93755
3.01286
3.02586
3.06396
3.10359
3.14842
3.18355
3.23038
3.26976
3.31761
3.34248
3.40453
3.43795
3.48455
3.53225
3.25327
3.29642
3.34674
3.3932
3.43708
3.48471
3.5316
3.57522
3.62193
3.67017
3.71776
3.76434
3.80714
3.85893
3.90527
4.0007
4.00791
4.24477
4.09421
4.13767
4.39254
4.23814
4.3264
4.56911
4.3908
4.71517
4.71902
4.54592
4.69091
4.99383
4.71414
4.74999
4.9453
4.7771
4.63764
4.88101
4.92361
4.98543
5.03443
5.09795
5.15234
5.22417
5.25874
5.11946
5.3714
5.4314
5.47437
5.51665
5.57128
5.53899
5.68727
5.76328
5.79571
5.87567
5.92663
5.98727
6.69074
6.67876
6.15475
6.1961
6.26511
6.31692
6.38716
