1.47e-07
4.509e-06
0.00107024
0.00327829
0.0052487
0.00945943
0.013893
0.0198213
0.0206046
0.0278668
0.0353123
0.0445332
0.0912947
0.132546
0.155799
0.185013
0.173379
0.205493
0.237589
0.274131
0.303022
0.3434
0.278168
0.201508
0.203029
0.226267
0.249764
0.275564
0.296906
0.323413
0.350073
0.378274
0.338382
0.356623
0.390193
0.438327
0.50054
0.50944
0.529145
0.663913
0.572211
0.609136
0.720096
0.717101
0.737906
0.870967
0.852398
0.853125
0.816838
0.85984
0.920599
0.96388
1.04551
1.09134
1.15146
1.16674
1.19128
1.23453
1.2947
1.34375
1.43267
1.48588
1.56278
1.62755
1.3462
1.43016
1.508
1.54231
1.57563
1.64579
1.72005
1.81153
1.85877
2.22478
2.83449
2.00794
3.28012
2.14998
3.42516
2.36747
2.38638
2.47834
3.65683
3.01555
3.66526
3.97849
2.81204
2.84024
4.14298
3.06134
3.12011
4.3747
3.23651
3.58181
4.37453
5.32005
4.33658
3.48132
5.33403
5.4302
4.89515
4.96433
4.62988
4.64785
5.10907
5.4008
5.40282
5.50432
5.61911
5.78395
5.95305
6.00306
6.07252
6.28
6.6714
6.92211
6.45658
7.25306
6.64126
7.33134
7.4512
7.92525
7.426
7.29417
8.6334
8.01075
7.68
9.0274
6.81471
6.74526
6.99366
7.05572
7.73248
7.63799
7.33379
8.24784
7.89151
7.79553
8.13325
8.27206
8.78525
8.8177
10.311
9.12083
9.70993
10.3396
9.69742
10.219
11.024
10.3485
9.95854
10.8576
11.682
10.9913
11.1783
11.4056
11.7372
11.4862
11.6384
11.8149
11.6271
12.1727
12.51
12.6609
12.6925
12.4874
12.5064
11.9422
12.8466
14.1229
13.0927
13.2511
13.945
14.2763
13.763
15.1832
14.3289
15.0695
15.6076
16.039
16.9571
15.2381
16.641
16.5998
16.5776
16.7266
16.9069
17.19
17.4501
18.1107
18.1797
19.4774
16.5768
17.9351
17.0712
16.694
17.8491
18.2699
18.6661
18.2741
18.2073
18.7707
19.5222
18.7237
20.1311
19.1628
20.6857
19.5137
20.8432
20.2507
21.2474
21.4383
21.6839
21.2092
21.6642
22.4872
22.6228
23.397
24.1508
23.3782
24.1579
24.6181
26.1461
26.2586
24.3874
24.0079
24.5383
28.2209
27.2532
27.6861
28.5119
26.1769
26.3958
27.735
28.0646
26.8052
27.3651
27.7905
28.2213
28.2537
28.5055
28.6417
31.5607
32.6372
31.6638
35.0985
33.1044
32.839
31.1607
32.0827
31.05
33.1535
32.2831
33.9458
38.2453
