1.23e-07
1.188e-06
1.79e-06
3.659e-06
5.9e-06
9.318e-06
1.2805e-05
1.9196e-05
2.1097e-05
3.0107e-05
3.4992e-05
4.5883e-05
5.0996e-05
6.2729e-05
7.7471e-05
8.4857e-05
8.1756e-05
9.6625e-05
0.000116179
0.00012894
0.000142748
0.00016458
0.000178402
0.000202382
0.000204365
0.000223579
0.000251931
0.000271162
0.000294821
0.000324787
0.000351221
0.000381984
0.000331334
0.000361038
0.000377427
0.00041496
0.000447845
0.0004792
0.000517501
0.000551235
0.000574069
0.000593262
0.000639573
0.000675222
0.000717968
0.000767102
0.000786395
0.000838284
0.000813291
0.000840433
0.000891718
0.000945116
0.0010128
0.00102598
0.00105094
0.00113276
0.0011761
0.00121603
0.00125806
0.00134317
0.00138387
0.00146034
0.00151026
0.00155771
0.00127936
0.00130898
0.00138836
0.00147516
0.00150726
0.00161852
0.00179112
0.00192508
0.00183979
0.00188438
0.0019994
0.00190005
0.00206396
0.00211523
0.00217764
0.00227046
0.00222803
0.00231137
0.00239094
0.00244673
0.00251783
0.0025773
0.00270179
0.00275952
0.00284305
0.0029162
0.00290265
0.00322699
0.0033044
0.00325831
0.0033105
0.00339487
0.00322785
0.00319849
0.00339787
0.00344478
0.0035684
0.00367509
0.00376465
0.00384685
0.00397258
0.00401242
0.00413643
0.00422099
0.0043002
0.00441338
0.00449878
0.00454257
0.00467212
0.0047227
0.00481333
0.00495985
0.0051122
0.00518637
0.00534233
0.00531548
0.00548579
0.00562871
0.00572733
0.00586857
0.00590092
0.00602735
0.0060079
0.00622945
0.00511282
0.00521864
0.00524401
0.0055371
0.00563973
0.00571932
0.00585833
0.00594571
0.00605454
0.00610648
0.00631527
0.00649626
0.00660981
0.00665704
0.00677951
0.00698762
0.00706382
0.00717585
0.0071483
0.00706542
0.0074683
0.00768593
0.00787289
0.00802898
0.00815065
0.00829197
0.00859999
0.00864909
0.00887147
0.00870248
0.00881151
0.00912645
0.00909358
0.00900145
0.00932809
0.00942846
0.00950851
0.00967328
0.00977213
0.00989995
0.0101926
0.0103458
0.0104027
0.0106851
0.0106149
0.0108344
0.0110062
0.0112081
0.0109666
0.0113028
0.0117509
0.0117398
0.011884
0.0119422
0.0123818
0.012496
0.0127198
0.0127605
0.0131672
0.0127352
0.0130708
0.0133697
0.0137199
0.0141525
0.0127714
0.0130168
0.0133062
0.0134312
0.0134392
0.0136154
0.0132972
0.0139851
0.0139727
0.0143532
0.0144816
0.0148625
0.0149569
0.0149992
0.0150981
0.0154534
0.0156177
0.0158915
0.0155599
0.0163959
0.0164332
0.0164629
0.0167995
0.017174
0.0173613
0.0174299
0.0175355
0.0176943
0.0181466
0.018107
0.0184516
0.0185766
0.0186137
0.0187837
0.0190233
0.0192814
0.0188375
0.0196561
0.0198818
0.0201431
0.0200492
0.0205657
0.0196723
0.0204316
0.0210592
0.0213051
0.0216477
0.0209803
0.0220515
0.0220359
0.0225757
0.022726
0.0229094
0.0232254
0.0230481
0.0236557
0.0229082
0.0240799
0.0242433
0.0240887
0.024192
0.0245614
0.0248618
0.0252186
0.0205229
0.020823
0.0203286
0.0214031
0.02133
0.0209469
0.0218931
0.021712
0.0223456
0.0224054
0.0227213
0.0232604
0.0228692
0.0232244
0.0237986
0.0242488
0.024109
0.0246465
0.0233328
0.0247955
0.0248299
0.0255767
0.0258086
0.0260896
0.0264957
0.0260655
0.0268401
0.0271498
0.0274543
0.0272739
0.0274563
0.0283821
0.0281563
0.0283658
0.0278873
0.0291285
0.0294111
0.0296884
0.029758
0.0299927
0.0302648
0.0304168
0.0301056
0.0307051
0.0316186
0.0316203
0.0320274
0.0322773
0.0326757
0.0323376
0.0330679
0.0335107
0.0338488
0.0341649
0.034424
0.034133
0.0349972
0.0351421
0.0352309
0.0355218
0.0358813
0.0362188
0.0364776
0.038145
0.0360292
0.0360761
0.0364909
0.0368
0.0366462
0.0374162
0.0374119
0.0381826
0.0380131
0.0385605
0.038912
0.038754
0.0395176
0.0391166
0.0396904
0.0405223
0.0406577
0.0409675
0.0409164
0.0415241
0.0522628
0.0420681
0.042592
0.0429758
0.0429171
0.0425418
0.042126
0.0431337
0.0433744
0.0446187
0.0452796
0.0450174
0.0447345
0.0452524
0.0457142
0.046089
0.046853
0.0469052
0.0479688
0.0469526
0.0482247
0.0484148
0.0483722
0.0485518
0.0495795
0.049945
0.0495282
0.0502536
0.0499663
0.0508874
0.0514071
0.0513729
0.0520622
0.0512896
0.0527708
0.0530021
0.0527799
0.0542404
0.0540266
0.0547395
0.0543062
0.0549628
0.0549849
0.055117
0.0504045
0.051039
0.0513177
0.0521522
0.05232
0.0522963
0.0537178
0.0538191
0.0542209
0.0524651
0.0546141
0.0549666
0.0551257
0.0558797
0.0560431
0.0561967
0.0570042
0.0563176
0.058093
0.0578985
0.0588764
0.0577608
0.0591907
0.0593243
0.0602506
0.0605215
0.0603814
0.0603573
0.0610041
0.0622224
0.0622058
0.0615567
0.0616293
0.0618774
0.06333
0.0634811
0.0637629
0.0642745
0.0646424
0.0653991
0.0658244
0.0657378
0.0662356
0.0712455
0.0664992
0.0675679
0.0685704
0.0689854
0.0693949
0.0693809
0.0691587
0.0702284
0.0696801
0.0695345
0.0707555
0.0710206
0.0708978
0.0711451
0.0735878
0.0736523
0.073025
0.0733669
0.0744589
0.074594
0.0717452
0.0740591
0.0749959
0.0755213
0.0750117
0.0765951
0.0769178
0.0775787
0.0739434
0.0775507
0.075924
0.0789082
0.0761897
0.0800676
0.0805051
0.0798324
0.081059
0.0809435
0.0816911
0.081413
0.081333
0.0885874
0.0838538
0.0832234
0.0830557
0.0845854
0.0850708
0.0853664
0.0863194
0.0864446
0.0866897
0.0851321
0.0868156
0.088668
0.0862504
0.0890852
0.089631
0.0895091
0.0907981
0.0912766
0.0909058
0.0921603
0.0916541
0.0892686
0.0921071
0.0917603
0.0931267
0.0942764
0.0930156
0.0941616
0.095146
0.0961992
0.0966251
0.0963635
0.0968524
0.112141
0.0981828
0.0984896
0.0980509
0.0994596
0.100398
0.100583
0.100866
0.101575
0.0819849
0.0822875
0.0830852
0.0835671
0.0830756
0.0848514
0.0840502
0.0839728
0.0846051
0.0860392
0.0860265
0.0872833
0.0858133
0.0881599
0.0883226
0.0895134
0.0896399
0.0897825
0.0873065
0.0916345
0.0917138
0.09283
0.0965614
0.102046
0.099632
0.0986863
0.107624
0.120336
0.10249
0.0967849
0.0974786
0.0900131
0.0968606
0.0982004
0.0992056
0.098142
0.0999775
0.0961779
0.0996386
0.099662
0.101379
0.102876
0.10199
0.102047
0.103481
0.102861
0.107118
0.1028
0.10427
0.107266
0.108713
0.107708
0.107591
0.108654
0.108612
0.109921
0.109802
0.109634
0.108765
0.11183
0.111535
0.111023
0.112897
0.111754
0.113382
0.111994
0.113138
0.114162
0.112402
0.115729
0.114767
0.124237
0.123269
0.117302
0.121346
0.125976
0.12003
0.120274
0.127298
0.131918
0.121733
0.122151
0.124254
0.122746
0.124144
0.124547
0.125825
0.125586
0.122285
0.126495
0.126475
0.12647
0.127418
0.127768
0.126116
0.129255
0.131016
0.130645
0.128513
0.131885
0.132528
0.133742
0.1355
0.133205
0.130771
0.135227
0.132107
0.135974
0.139146
0.136512
0.138883
0.138859
0.136808
0.139413
0.139477
0.140116
0.141185
0.13939
0.14745
0.143677
0.141721
0.144796
0.141157
0.145585
0.145695
0.147812
0.147867
0.144865
0.141043
0.145838
0.137463
0.144182
0.143731
0.145284
0.146682
0.148102
0.148397
0.149849
0.147038
0.146087
0.151407
0.151249
0.149884
0.154014
0.153093
0.152438
0.15511
0.155103
0.155384
0.156356
0.157188
0.158186
0.157635
0.157535
0.159751
0.160094
0.16157
0.161707
0.163091
0.16287
0.160685
0.164435
0.16331
0.162515
0.166122
0.164228
0.164514
0.168635
0.169188
0.169754
0.167381
0.167859
0.16993
0.169723
0.174841
0.174898
0.173013
0.171506
0.173193
0.17349
0.178053
0.173067
0.186043
0.186887
0.175285
0.178883
0.179831
0.179436
0.180522
0.181034
0.181085
0.180719
0.180437
0.180976
0.183355
0.183792
0.18399
0.18538
0.182669
0.187149
0.184292
0.18772
0.182655
0.398697
0.402495
0.399819
0.409968
0.401788
0.328595
0.188168
0.200607
0.194652
0.204256
0.213823
0.228303
0.22941
0.203772
0.212124
0.194576
0.19744
0.193018
0.199499
0.19616
0.206139
0.204972
0.396428
0.430466
0.431817
0.426964
0.442991
0.314538
0.210031
0.214891
0.212065
0.216139
0.216317
0.215041
0.220631
0.224628
0.221616
0.21602
0.211682
0.221953
0.218826
0.231442
0.321065
0.480225
0.473388
0.47779
0.466747
0.358623
0.219131
0.227575
0.218032
0.220401
0.225678
0.20549
0.205258
0.205659
0.206216
0.209607
0.206151
0.208237
0.211249
0.205538
0.209905
0.321915
0.454982
0.459839
0.452283
0.455084
0.340626
0.213666
0.218547
0.216265
0.219727
0.220355
0.216864
0.220963
0.221092
0.223809
0.224754
0.223306
0.225365
0.223425
0.226665
0.257863
0.486483
0.4908
0.487189
0.483511
0.370112
0.231072
0.233734
0.234197
0.233384
0.221809
0.232599
0.233983
0.234545
0.233654
0.234895
0.238293
0.237938
0.239401
0.239969
0.499966
0.514834
0.518593
0.509377
0.368053
0.246502
0.244462
0.247818
0.24923
0.247034
0.250138
0.25046
0.249155
0.250668
0.247474
0.252646
0.252582
0.250294
0.518119
0.538542
0.544055
0.541868
0.336409
0.247735
0.257496
0.260164
0.256783
0.261067
0.261479
0.25599
0.26306
0.265575
0.275856
0.267214
0.265011
0.493942
0.573847
0.566855
0.571552
0.34199
0.268432
0.270264
0.274524
0.273161
0.266384
0.277163
0.273435
0.262887
0.27739
0.274632
0.277721
0.38569
0.563587
0.600399
0.602895
0.450723
0.282698
0.283919
0.281483
0.282957
0.286787
0.290346
0.290591
0.29205
0.290352
0.2919
0.292383
0.533923
0.625768
0.632833
0.597118
0.298571
0.296481
0.292019
0.294382
0.301168
0.298888
0.301077
0.298144
0.292056
0.299852
0.301656
0.549401
0.645323
0.653841
0.648166
0.656591
0.495842
0.309683
0.309157
0.309487
0.33135
0.307107
0.306631
0.30441
0.309451
0.331107
0.315198
0.549017
0.663322
0.680408
0.672708
0.68004
0.46514
0.314256
0.32042
0.318045
0.328267
0.319157
0.320267
0.32505
0.319104
0.323283
0.345446
0.699935
0.693838
0.695959
0.69623
0.645906
0.33299
0.331371
0.333356
0.337245
0.33575
0.338074
0.336402
0.33808
0.333505
0.326335
0.724361
0.723572
0.732773
0.391779
0.334724
0.343793
0.339793
0.344348
0.34846
0.349917
0.353601
0.353087
0.392505
0.735969
0.709158
0.753536
0.34364
0.351961
0.357444
0.356472
0.348702
0.360065
0.360842
0.375568
0.356141
0.565573
0.769236
0.782858
0.537746
0.367793
0.370506
0.358919
0.368424
0.364159
0.372828
0.378363
0.390829
0.58931
0.803364
0.805028
0.870195
0.697125
0.418516
0.419945
0.379504
0.382447
0.392819
0.391386
0.384329
0.390558
0.739534
0.875927
0.861965
0.851325
0.508972
0.384105
0.39826
0.445621
0.408055
0.392135
0.420649
0.443964
0.680692
0.844983
0.845798
0.475446
0.393384
0.424867
0.417272
0.410207
0.412049
0.409679
0.411023
0.720777
0.871371
0.879996
0.876686
