5.06e-08
1.558e-07
1.429e-07
1.934e-07
2.965e-07
3.564e-07
4.818e-07
6.149e-07
7.219e-07
8.546e-07
1.0701e-06
1.3114e-06
1.7064e-06
1.9049e-06
2.0918e-06
2.5761e-06
2.4702e-06
2.7297e-06
3.0449e-06
4.6284e-06
4.1993e-06
4.478e-06
5.0135e-06
5.7032e-06
5.6983e-06
6.1975e-06
7.1315e-06
7.513e-06
8.2294e-06
8.7936e-06
9.6924e-06
1.02964e-05
9.8276e-06
1.04628e-05
1.09547e-05
1.20582e-05
1.21996e-05
1.3311e-05
1.44845e-05
1.71602e-05
1.58271e-05
1.69681e-05
1.77347e-05
2.02136e-05
2.03441e-05
2.16433e-05
2.25235e-05
2.41054e-05
2.27905e-05
2.39287e-05
2.57318e-05
2.69948e-05
2.69386e-05
2.80695e-05
2.95767e-05
3.01178e-05
3.21262e-05
3.05275e-05
3.41709e-05
3.51951e-05
3.57148e-05
3.79877e-05
3.7548e-05
4.08683e-05
3.39907e-05
3.69176e-05
3.65723e-05
3.88571e-05
4.02745e-05
4.25669e-05
4.32889e-05
4.43746e-05
4.45952e-05
4.67433e-05
4.97629e-05
5.20944e-05
5.37252e-05
5.55453e-05
5.60499e-05
5.91256e-05
5.35174e-05
5.74338e-05
6.27449e-05
6.7045e-05
6.99361e-05
6.76401e-05
7.16683e-05
7.29549e-05
7.23863e-05
7.18673e-05
7.3379e-05
7.86689e-05
8.19123e-05
8.34305e-05
8.17008e-05
8.92767e-05
8.64904e-05
8.49671e-05
8.49911e-05
9.27146e-05
9.18803e-05
9.30694e-05
9.82704e-05
9.76983e-05
9.81184e-05
9.61126e-05
9.57337e-05
0.000105496
0.000104842
0.000103076
0.000112491
0.000116909
0.000121371
0.000110413
0.00011968
0.000123717
0.000131634
0.000138204
0.000137045
0.000135844
0.000135061
0.000138268
0.000139272
0.000140306
0.000129811
0.000146782
0.000146739
0.000151154
0.000125161
0.000123163
0.000131234
0.000129432
0.00013459
0.000135343
0.000134941
0.000140191
0.000146633
0.000146558
0.000150291
0.000151793
0.000158638
0.000163504
0.000162585
0.000167141
0.000169927
0.000171804
0.000173818
0.000173588
0.000175346
0.000184948
0.000185104
0.000189217
0.000195812
0.000200676
0.00019853
0.000203899
0.000209361
0.000212862
0.000216681
0.000213744
0.000213327
0.000218117
0.000219061
0.000225452
0.000217622
0.000233773
0.000237678
0.000233311
0.000247099
0.000240409
0.000251923
0.00025447
0.000260558
0.000256078
0.000270342
0.000255528
0.000274213
0.000272654
0.000282648
0.000285178
0.000288077
0.000290195
0.000297301
0.000301734
0.000296097
0.000292596
0.000296775
0.000310837
0.00031913
0.000322859
0.000334143
0.000332155
0.000305199
0.000306757
0.000313089
0.000311164
0.000318642
0.00032709
0.000327937
0.000321846
0.000337347
0.000349841
0.000349895
0.000355867
0.00036326
0.000360015
0.00037264
0.000357838
0.000380864
0.000356928
0.000371417
0.000380624
0.000391388
0.000394723
0.000393119
0.000411702
0.000404532
0.000419255
0.000420155
0.000426745
0.000428291
0.000428497
0.000445925
0.00044901
0.000438518
0.000453657
0.000428693
0.000439278
0.000466546
0.000462796
0.000471524
0.00048491
0.000480713
0.000493525
0.000495817
0.000497733
0.00050847
0.000510824
0.000516703
0.000518677
0.000521221
0.000525857
0.000530795
0.000526946
0.000547362
0.000553815
0.000559489
0.000548416
0.000551651
0.000574235
0.000566455
0.000556965
0.000593311
0.000588432
0.000599534
0.000612639
0.000479293
0.00049008
0.000483452
0.000475523
0.00050832
0.000517556
0.000519288
0.000528644
0.000533064
0.000548924
0.00055373
0.000511035
0.000565455
0.000569961
0.000588378
0.000582722
0.000586538
0.000580163
0.000580216
0.000611698
0.00059664
0.000585386
0.000595941
0.000621638
0.000617437
0.000629318
0.000646272
0.000658502
0.000666026
0.000668972
0.000670422
0.00068114
0.00067701
0.00064914
0.000694723
0.000685492
0.000699719
0.000690009
0.000698501
0.00072397
0.000703898
0.000733358
0.00068798
0.000752624
0.000717992
0.000758495
0.000725336
0.000780569
0.000762156
0.000767731
0.000778513
0.00078818
0.000790615
0.000766709
0.000813599
0.000824797
0.000838541
0.00083526
0.000848851
0.000863177
0.000853027
0.00085437
0.000885117
0.00088896
0.000860093
0.000845886
0.000880683
0.000884675
0.000898308
0.000895461
0.000840656
0.00090629
0.000837641
0.000898589
0.000921161
0.000923136
0.000951201
0.00091713
0.000954535
0.000969053
0.000977213
0.000947607
0.00098619
0.000996383
0.00101077
0.000987464
0.00102716
0.00102141
0.00103206
0.00104518
0.00104432
0.00103532
0.00107272
0.00107804
0.00107486
0.00108631
0.00109481
0.00105707
0.00110416
0.00111946
0.00110642
0.00111833
0.00109657
0.00113484
0.00116885
0.00112469
0.00115325
0.001179
0.00113982
0.00115549
0.00118295
0.00119276
0.00122348
0.00121859
0.00120902
0.00123971
0.00117252
0.00125826
0.00125446
0.00128535
0.00126339
0.00129963
0.001315
0.00128731
0.00130665
0.00128707
0.0013312
0.00135134
0.00124
0.00121786
0.0012311
0.00124325
0.00126726
0.00126511
0.00120923
0.00125905
0.00125169
0.00129761
0.00126977
0.00133733
0.00128161
0.00132218
0.00135215
0.00134729
0.00135716
0.00137376
0.00138934
0.00139843
0.00140472
0.00139264
0.00141916
0.00143294
0.00141196
0.00145509
0.00142688
0.00146818
0.00145627
0.00147602
0.00149801
0.00156704
0.00150192
0.00151356
0.00159555
0.00159979
0.00150907
0.0016669
0.00161697
0.00166985
0.00168433
0.00167606
0.00169506
0.00164814
0.00175669
0.00179057
0.00179947
0.00179108
0.00174739
0.00172288
0.00170401
0.00187687
0.001858
0.00186188
0.00183113
0.00187261
0.00181344
0.0019978
0.00193123
0.00192842
0.00197787
0.00198941
0.00198831
0.00193958
0.00194815
0.00209524
0.002006
0.0020638
0.00204477
0.00206147
0.00200808
0.00208878
0.00208495
0.00204799
0.00208516
0.00205444
0.00219082
0.0021722
0.00212193
0.00216013
0.00215236
0.00214572
0.0021821
0.00219555
0.0022364
0.0022958
0.00220249
0.00225339
0.00227754
0.00225615
0.00225755
0.00229132
0.00228218
0.00228667
0.00229501
0.00220015
0.0022962
0.00228591
0.00229817
0.00229498
0.00205024
0.00216648
0.00220381
0.00216739
0.00221961
0.00221357
0.00213855
0.00221857
0.00225952
0.00213236
0.00210578
0.00226388
0.00227538
0.00230848
0.00231315
0.00234162
0.00229968
0.00226324
0.0023032
0.00236448
0.00234576
0.00231395
0.00230149
0.00240461
0.00238647
0.00242806
0.00235447
0.00237971
0.00193049
0.00197638
0.00193185
0.00195933
0.00202508
0.00196326
0.00201723
0.00193852
0.00206412
0.00205303
0.00209929
0.0020758
0.0020888
0.0020951
0.00204458
0.00212793
0.00214327
0.00212234
0.00215474
0.00210349
0.00221441
0.00216655
0.00218775
0.00223309
0.00222442
0.00222228
0.00220737
0.00219938
0.00230043
0.00227023
0.00222566
0.00226827
0.0023013
0.00232048
0.0022964
0.00231875
0.00228781
0.00223192
0.00231559
0.00229767
0.00240245
0.00244406
0.00244908
0.00240886
0.00239747
0.00245997
0.00243146
0.00245539
0.00251392
0.0025631
0.00253949
0.00241288
0.00241078
0.00250045
0.00256989
0.00255622
0.0023506
0.00259827
0.00259638
0.00257621
0.0026963
0.00264089
0.00260793
0.00272509
0.00270921
0.00267543
0.00266975
0.00273183
0.00270433
0.00272846
0.0027739
0.0027224
0.0027625
0.00280864
0.00280306
0.00280401
0.00283561
0.00283508
0.00280134
0.00290418
0.00291924
0.0029238
0.00294044
0.00291382
0.00293075
0.00291387
0.00291117
0.00292312
0.00298212
0.0029866
0.00301043
0.00308067
0.00296886
0.00307461
0.00310063
0.00313184
0.00311672
0.00312449
0.00313043
0.00316196
0.00314569
0.00290515
0.00308507
0.00320155
0.00320015
0.00316158
0.00323525
0.00325973
0.00322505
0.0032305
0.00331372
0.00327484
0.00332905
0.00290092
0.00334455
0.00338123
0.00338376
0.00341492
0.00341761
0.00336642
0.00346908
0.0033963
0.00347925
0.00349996
0.00348972
0.00345036
0.00348197
0.00351626
0.00344739
0.00345664
0.00342257
0.00348173
0.00352464
0.00348121
0.0034055
0.00343265
0.0035355
0.00331388
0.00351018
0.0034845
0.003483
0.00354833
0.00354765
0.00354047
0.00362394
0.00355944
0.00355334
0.00370087
0.00364172
0.00363517
0.00370137
0.00376452
0.00379437
0.00377334
0.00363187
0.00377263
0.00374677
0.00381324
0.00388013
0.00387155
0.00390485
0.00386975
0.00391302
0.00388423
0.00392512
0.00367453
0.00400603
0.00399561
0.00387395
0.00397658
0.0040576
0.00392735
0.00404809
0.003973
0.00413116
0.00410195
0.00409659
0.0041269
0.0040107
0.00399001
0.00418824
0.0042543
0.00417641
0.00400966
0.00427029
0.00427301
0.00403339
0.00424128
0.00434377
0.00420428
0.00435892
0.00436529
0.00427203
0.00436711
0.0043684
0.00405619
0.00419168
0.00424175
0.00417806
0.004325
0.00451915
0.00453341
0.00417865
0.00456828
0.00449053
0.00455998
0.00462494
0.00481558
0.00488346
0.00475085
0.00481419
0.00474356
0.0043614
0.0040317
0.0040405
0.00475605
0.00466405
0.00425839
0.00484136
0.00473943
0.00477274
0.0046819
0.00487401
0.00498071
0.00493353
0.00480357
0.00448328
0.0048301
0.00493446
0.00492353
0.00494506
0.00485285
0.00498462
0.00493688
0.00500917
0.00494775
0.00488355
0.0049365
0.0050757
0.00504279
0.00512485
0.00488606
0.00489496
0.00494413
0.0051312
0.00499326
0.00516065
0.00525864
0.00517023
0.00491387
0.00529842
0.00523852
0.00523879
0.00538862
0.00535337
0.00481713
0.0047162
0.00480819
0.00492229
0.00492594
0.00493808
0.00499697
0.00503236
0.00500597
0.00495811
0.00501983
0.00510022
0.00501862
0.00503055
0.00510052
0.00467074
0.00516754
0.00509888
0.00509713
0.00520621
0.00487443
0.00503913
0.00527362
0.00530307
0.00508223
0.00529823
0.00540424
0.0050286
0.00522371
0.00541233
0.00543231
0.00537648
0.00521543
0.00550962
0.00546055
0.00548396
0.00534269
0.00539797
0.00556075
0.0055869
0.00556919
0.00544292
0.00558581
0.00551295
0.00552468
0.00519161
0.00566233
0.00561432
0.00573579
0.00572463
0.00500631
0.0052641
0.0050303
0.005981
0.0052506
0.0055383
0.0054532
0.0054486
0.0055064
0.005296
0.0054764
0.0057557
0.0057469
0.0056652
0.0052565
0.0058617
0.0057724
0.0059085
0.0051903
0.00584405
0.00598769
0.0061256
0.00589719
0.00597391
0.00618201
0.00621182
0.00628453
0.00621431
0.00628018
0.00619651
0.00623971
0.00620416
0.00636324
0.0060136
0.00637228
0.00636601
0.00642469
0.00625173
0.00612029
0.00619004
0.00641051
0.00639385
0.00632003
0.00655387
0.00621119
0.00652993
0.00663451
0.0065239
0.00666858
0.00665237
0.00648477
0.00667166
0.00668287
0.00672825
0.00659839
0.00677215
0.0065931
0.00679438
0.00628722
0.00686343
0.0067228
0.00657362
0.00677439
0.00655128
0.00696807
0.00691287
0.00682194
0.00704693
0.00649234
0.00702971
0.0070829
0.00689383
0.00711458
0.00709685
0.00676997
0.00683641
0.0069735
0.00696511
0.00685755
0.00678876
0.00711679
0.00714741
0.00714077
0.00745357
0.00787488
0.00724256
0.0071999
0.0076421
0.0077934
0.0074413
0.0073501
0.0078119
0.0074614
0.0078497
0.007938
0.0079396
0.0077874
0.0079746
0.0076647
0.0076812
0.007282
0.0076065
0.00736803
0.00727037
0.00770279
0.00768168
0.00757066
0.00767231
0.00775685
0.00776539
0.00756087
0.00750082
0.00780171
0.00764588
0.00787062
0.00739157
0.00780559
0.00777827
0.00774698
0.00792789
0.0078198
0.00799826
0.00798491
0.00772742
0.00803995
0.00802509
0.00807959
0.00809308
0.00817406
0.00813712
0.00818974
0.00810074
0.00817633
0.00794732
0.00826602
0.0080676
0.00806596
0.00826634
0.00824495
0.00836063
0.0083818
0.00842462
0.00841124
0.00812637
0.0084054
0.0080362
0.0087415
0.0084651
0.0080793
0.0083036
0.0082249
0.0081891
0.0081611
0.0084367
0.0083033
0.0080288
0.0081647
0.00898629
0.0086983
0.0088106
0.00876905
0.00858801
0.00839366
0.0088156
0.00878113
0.00877629
0.00872249
0.00853263
0.00899051
0.00861761
0.00887452
0.00869167
0.0087633
0.00889048
0.00895736
0.00850447
0.00893734
0.00910218
0.00959834
0.00923009
0.00925622
0.00919077
0.00879285
0.00905207
0.00900455
0.00906685
0.00917843
0.0093232
0.0095821
0.00916454
0.00949095
0.00943524
0.00917303
0.00958814
0.0096614
0.0108637
0.0102094
0.0102848
0.0101631
0.0102198
0.0106847
0.0101882
0.0103075
0.010766
0.0107223
0.0109484
0.0116251
